Loop 1:
n	time	repetions	counter
100	2	100		603
200	2	100		1340
400	5	100		2937
800	11	100		6942
1600	24	100		14938
3200	50	100		32010
6400	104	100		68272
12800	237	100		153612
25600	493	100		324273
51200	1486	100		682680


n	time	repetions	counter
100	195	20000		603
200	419	20000		1340
400	903	20000		2937
800	2109	20000		6942
1600	4644	20000		14938
3200	9849	20000		32010
6400	20974	20000		68272



Loop 2:
n	time	repetions	counter
100	1	1		25500
200	1	1		101000
400	8	1		482400
800	29	1		2245600
1600	134	1		8971200
3200	625	1		40985600
6400	2201	1		163891200
12800	10122	1		737395200
25600	42374	1		3277056000


n	time	repetions	counter
100	4	10		25500
200	14	10		101000
400	65	10		482400
800	286	10		2245600
1600	1137	10		8971200
3200	6144	10		40985600
6400	25735	10		163891200


Loop 3:
n	time	repetions	counter
100	2	1		71400
200	8	1		323200
400	26	1		1447200
800	106	1		6416000
1600	448	1		28195200
3200	1893	1		122956800
6400	7973	1		532646400
12800	34910	1		2294118400


n	time	repetions	counter
100	14	10		71400
200	55	10		323200
400	240	10		1447200
800	1025	10		6416000
1600	4379	10		28195200
3200	19872	10		122956800


Loop 4:
n	time	repetions	counter
100	1	1		171700
200	9	1		1353400
400	75	1		10746800
800	567	1		85653600
1600	4501	1		683947200
3200	35701	1		5466454400

n	time	repetions	counter
100	13	10		171700
200	96	10		1353400
400	722	10		10746800
800	5639	10		85653600
1600	44867	10		683947200




